81,76	58,26	1841,74		217,36
84,87	78,63	3678,23		235,02
59,66	71,61	796,97		80,81
17,32	53,35	2341,79		67,03
66,54	86,19	4074,3		213,56
39,72	43,23	4448,93		100,51
18,7	83,87	2380,8		67,48
8,41	47,78	3399,32		70,81
89,44	96,47	3548,09		226,67
52,96	6,98	2295,25		170,71
33,71	23,57	1182,34		97,66
32,26	15,14	468,81		66,45
9	    27,08	3711,17		70,52
79,01	73,28	2052,14		162,22
53,11	84,97	692,01		67,69
67,9	29,83	586,75		111,57
49,15	65	    4072,57		142,45
59,1	21,26	1207,17		150
65,74	74,72	1074,69		163,31
57,81	54,37	1762,49		190,97
95,37	50,1	2709,62		233,16
63,52	13	    4954,51		208,9
34,08	61,14	2434,19		87,16
7,97	34,7	1506,34		71,02
99,82	65,98	3792,39		232,6
55,21	89,14	4848,63		188,09
91,94	19,12	1834,81		150
43,39	19,95	1372,21		103,36
58,49	96,46	1805,7		150
26,37	47	    3984,16		67,14
87,86	7,36	782,11		150
42	    95,54	287,34		72,72
43,98	19,29	247,29		65,89
17,05	43,41	3938,03		66,76
56,18	74,26	3698,2		184,68
69,05	96,78	2610,88		201,52
82,27	61,16	398,33		97,79
90,96	97,72	3988,15		226,06
31,61	59,07	978,1		74,38
93,02	82,57	500,5		66,59
50,92	49,74	298,62		65,31
19,91	87,69	1370,25		70,4
92,51	33,34	2484,94		204,95
81,88	95,9	4272,93		226,96
49,82	70,12	313,67		65,38
13,26	32,36	2549,97		68,51
20,91	16,59	3830,36		65,03
56,21	19,23	4019,21		184,78
53,28	62,95	4654,34		175,61
23,58	42,48	4672,15		66,57
5,15	97,36	3494,92		73,61
12,28	48,43	779,75		69,56
94,92	92,04	2902,39		218,94
63,66	88,98	3502,42		205,33
82,88	98,45	3769,81		225,7
24,68	59,1	1096,65		73,72
63,04	58,32	2006,2		207,56
83,38	95,28	4298,3		227,26
28,48	41,26	2647,02		74,92
93,19	23,59	4742,39		236,59
95,45	45,59	2340,78		223,4
77,68	97,83	137,97		73,84
29,83	90,21	2148,79		85,1
14,15	56,02	1874,06		68,09
58,23	51,9	1275,13		203,32
29,12	43,43	3294,12		74,34
74,3	93,47	1170,9		150
30,27	15,35	2781,44		75,39
72,33	87,47	4256,89		223,5
41,51	88,92	597,69		69,53
89,32	29,58	1674,81		179,26
70,92	89,08	3808,25		218,25
46,68	83,73	2867,97		126,56
82,57	4,31	924,86		150
43,21	14,28	2912,24		112,77
12,79	56,66	596,29		68,73
82,7	40,81	4087,55		232,52
91,27	9,04	306,65		150
17,13	76,89	4897,69		66,73
85,64	13,31	2894,93		230,71
51,97	70,26	3460,09		164,15
76,01	28,52	4856,15		235,07
96,36	56,63	3687,44		233,68
44,19	59,01	3569,59		114,89
61,06	63,08	2502,21		203,33
77,49	84,36	2951,59		229,46
69,02	13,06	1306,45		150
87,66	26,78	2044,38		162,58
92,73	27,6	651,14		150
23,23	85,7	256,95		68,03
28,3	79,45	2813,56		71,54
92,66	99,81	1256,37		150
73,02	75,96	3584,3		232,17
16,36	17,34	4365,59		67,08
84,59	26,31	507,16		150
31,04	37,17	3113,1		83,37
64,48	85,93	2611,39		210,95
91,05	53,57	2766,12		227,02
54,22	78,17	4064,48		175,95
49,35	1,63	3088,65		145,05
43,32	26,63	379,98		66,19
76,5	70,81	4631,53		234,77
25,2	14,05	2795,31		65,91
50,79	70,11	2879,65		156,17
68,42	29,04	132,59		113,58
55,19	86,55	2952,97		184,7
93,51	3,96	4047,64		236,59
68,72	53,29	47,3		114,79
11,02	58,93	719,08		69,56
79,48	15,15	3778,87		236,59
15,84	90,31	127,52		70,19
54,22	56,51	295,54		74,47
83,11	10,88	2502,71		206,23
23,01	4,14	3778,21		64,11
36,47	13,85	4889,78		90,93
17,09	79,18	1477,32		69,13
81,69	87,23	201,75		68,74
90,54	96,4	1023,31		150
17,42	8,51	418,72		66,6
61,37	73,98	3582,61		202,71
54,53	55,96	2580,15		180,7
91,01	55,53	1783,2		223,99
31,09	49,47	3949,29		77,19
42,83	71,08	841,33		71,03
90,64	95,37	742,15		72,63
94,58	92,2	3232,81		228,75
65,13	32,26	379,7		101,83
45,81	15,46	672,98		67,08
46,02	32,06	1594,85		122,14
44,25	39,81	3316,13		114,16
38,07	89,14	1395,12		95,07
31,88	68,05	4532,53		79,14
31,45	61,69	821,32		70,55
77,25	47,32	4553,56		235,43
33,33	11,41	3359,85		82,66
52	83	2737,68		165,2
15,28	9,11	453,68		67,58
30,34	86,02	3353,69		80,66
27,02	43,52	2742,06		70,35
37,13	94,88	4118,07		97,39
29,22	36,35	4851,8		78,74
56,11	5,6	379,54		77,22
12,57	45,91	4909,88		68,83
90,32	29,8	1800,11		178,75
9,87	42,75	577,25		70,1
65,28	22,4	726,87		100,72
11,92	89,53	4682,18		69,82
95,65	94,75	3634,04		227,52
62,67	22,13	306,12		94,29
31,75	80,04	99,2		66,22
9,29	44,81	29,49		70,38
35,93	98,55	4680,33		99,2
98,29	46,45	3545,74		235,05
53,6	89,05	4809,51		179,76
48,95	62,53	3802,38		139,86
72,08	16,52	4803,11		230,03
64,5	34,9	2511,71		206,87
53,87	27,92	4302,98		174,25
3,69	12,82	2314,69		73,09
82,71	29,14	1766,3		176,11
78,2	40,56	80,9		150
30,26	73,45	4978,09		75,22
44,56	51,67	4027,75		118,33
92,05	42,31	4295,94		233,2
54,31	44,86	3264,38		176,66
22,06	22,69	3385,07		64,53
26,43	22	1469,76		73,63
28,41	33,7	358,21		67,1
28,77	92,32	141,65		71,16
56,7	72,91	401,43		70,63
47,08	68,38	4880,73		129,7
54,36	65,83	3407,41		178,9
83,25	24,8	662,86		150
66,45	39,39	723,19		103,94
39,52	50,71	1898,54		99,87
92,11	62,12	3581,98		231,16
98,85	85,21	2160,68		178
28,44	13,46	3968,92		70,98
19,67	82,86	3895,84		66,72
35,38	57,07	1768,88		87,96
94,91	56,55	3816,71		233,72
77,96	95,56	4869,89		227,12
32,14	97,62	1340		98,74
90,34	6,05	2117,94		169,43
47,76	81,41	699,19		67,68
76,73	79,38	415,77		65,16
17,85	48,49	2779,8		66,4
24,54	73,87	2967,41		63,74
31,51	71,65	2329,88		79,81
83,11	14,2	1438,94		150
66,89	2,84	4762,93		217,73
22,83	14,4	2240,92		65,89
80,58	66,14	3047,36		232,67
71,6	32,64	4954		226
19,53	59,17	3156,95		67,32
54,45	5,89	1193,15		150
39,9	27,69	1712,34		101,07
83,42	0,79	1620,51		150
36,85	33,83	4984,53		91,97
44,19	18,47	4917,74		116,74
44,6	87,38	1547,75		113,36
58,72	26,63	4967,64		194,19
80,6	9,38	3989,75		236,59
14,44	61,59	4285,99		68,44
56,49	46,17	2122,07		185,95
4,18	51,03	508,6		72,85
19,28	18,42	2727,82		66,25
22,66	89,61	1958,22		69,86
78,86	29,8	4668,99		234,5
87,59	43,39	3580,82		233,69
14,29	52,01	4014,27		68,03
61,07	33,71	4802,47		201,79
75,58	63,31	4089,8		231,36
22,57	31,15	4674,43		65,95
36,27	32,4	82,6		68,29
12,12	77,68	1465,84		69,27
33,5	86,4	1107,1		98,59
13,36	8,72	157,35		68,46
17,04	73,79	3780,44		66,77
64,34	3,82	1974,18		150
30,16	69,81	1128,82		98,32
70,06	97,62	4669,3		201,11
57,97	74,04	2585		193,47
88,43	3,11	1084,08		150
0,72	16,75	2441,88		74,56
79,81	64,39	4040,28		231,86
89,24	33,27	3136,97		232,94
53,35	71,51	3678,63		171,63
39,76	40,9	382,18		67,81
29,07	47,96	4390,58		72,45
9,02	83	1380,23		70,51
26,46	0,79	3784,63		66,5
24,22	5,3	1125,57		73,37
15,81	1,78	4090,19		67,33
23,68	31,31	1250,73		71,84
49,89	18,7	3793,7		149,16
4,37	82,6	3709,66		72,76
68,63	19,56	494,37		114,45
63,58	86,1	3183,53		209,06
18,8	38,74	2193,4		68,29
78,8	58,53	1831,18		216,67
2,75	86,31	2830,61		73,56
59,85	8,92	2500,49		200,77
3,83	44,7	1556,87		73,03
48,97	45,7	2866,87		142,15
89,17	78,21	1288,43		150
39,63	77,28	2004,17		100,23
62,4	59,65	3700,64		205,75
36,97	4,64	437,91		68,62
95,4	26,79	259,43		150
27,11	92,49	2834,78		80,33
68,84	32,48	800,16		106,36
47,74	83,27	3678,77		132,95
71,23	63,2	789,05		94,75
28,05	64,25	2847,17		75,63
64,36	18,36	4851,09		211,2
64,5	84,3	1180,87		150
3,49	69,21	3634,54		73,19
24,77	31,17	2433,86		68,09
82,23	31,83	3182,03		233,59
82,41	53,19	359,93		129,19
48,1	80,75	4875,32		136,03
16,96	39,17	3857,87		68,09
42,94	13,18	4760,29		111,71
11,37	46,41	3742,56		69,4
66,53	19,04	792,66		99,44
12,17	96,52	1765,42		73,2
37,48	69,72	787,19		69,74
14,06	91,64	2384,06		70,82
47,16	62,63	2724,52		126,67
96,98	55,88	4623,87		234,02
25	34,36	3553,24		67,41
90,33	87,19	3313,36		231,13
79,31	21,54	809,71		150
6,73	39,13	4374,11		71,61
63,13	23,75	4715,55		207,83
72,44	8,85	2554,85		209,87
70,1	31,65	2962,13		224,11
57,92	21,05	4599,47		191,38
66,13	77,5	3071,37		215,8
59,57	96,59	2898,48		201,62
50,39	54,21	2061,35		153,12
13,07	22,37	994,52		74,78
46,88	18,86	2531,26		125,57
92,46	83,26	1180,78		150
6,66	40,94	210,14		71,65
12,36	31,59	1867,28		68,93
44,47	95,06	3344,02		97,48
51,36	0,48	3398,59		159,89
1,19	10,79	3992,44		74,33
31,28	77,97	827,61		70,7
68,29	33,16	3693,14		219,79
51,78	55,2	2505,98		165,95
1,97	78,73	3967,18		73,94
6,75	16	3701,84		71,6
4,56	84,05	4570,41		72,67
13,59	12,41	3241,57		68,36
37,83	81,09	153,74		68,71
17,3	53,5	2070,38		66,65
28,94	23,22	3337,3		72,14
89,12	46,36	799,66		150
22,44	55,48	3004,08		65,65
5,66	61,69	1650,29		72,13
52,29	32,89	608,37		71,82
55,79	33,53	592,69		78,9
53,46	55,81	1314,73		184,38
93,5	46,61	38,55		150
93,78	4,5	1033,36		150
7,33	56,12	4756,38		71,32
90,02	15,16	4708,47		236,59
59,5	36,09	94,62		87,7
27,15	75,48	1215,7		84,42
16,66	64,43	2420,54		67,96
43,2	10,94	3710,96		112,73
32,53	46,01	2472,23		85,59
82,08	47,35	2385,1		226,01
90,67	11	109,54		150
79,74	37,37	62,08		150
91,43	33,69	3510,63		232,75
2,93	25,61	1540,47		73,47
94,68	17,46	946,13		150
39,36	50,69	3734,54		99,38
62,47	23,96	2864,34		205,94
71,93	74,26	2596,85		212,69
90,6	68,37	1610,31		188,58
0,66	22,28	1184,13		74,59
64,03	6,6	3888,3		210,3
93,13	89,57	3606,18		230,01
8,82	43,34	4252,37		70,61
99,2	13,53	1626,5		150
66,3	50,42	3901,62		216,25
6,81	68,78	2376,51		71,57
59,21	0,54	1774,61		150
4,82	75,05	4624,66		72,54
11,11	60,89	1028,43		74,57
62,13	80,32	788,01		69,76
80,89	10,6	4081,44		236,59
2,68	70,41	2979,37		73,59
73,78	23,59	4358,14		233,88
17,93	31,72	2796,47		66,36
34,85	10,48	50,14		67,63
94,45	31,52	4841,21		233,73
45,37	26,34	4680,39		121,96
68,37	80,91	2526,11		207,89
56,61	1,57	97,26		78,43
42,74	69,71	3108,9		110,96
68,73	36,84	4031,02		216,45
1,04	45,2	1983,4		74,41
8,98	55,34	2306,11		70,53
22,08	92,08	3542,49		71,04
77,38	31,85	3735,9		233,58
90,68	30,43	2772,22		223,61
7	13,69	1140,44		73,18
15,35	7,97	603,12		67,54
59,84	26,99	2558,38		199,09
11,32	30,01	2758,11		69,42
28,8	78,81	1797,83		72,68
3,68	55,42	1832,72		73,1
6,43	43,96	3943,54		71,76
13,94	30,54	1915,47		68,19
76,91	79,62	253,15		65,27
41,88	30,8	2607,76		106,45
87,98	73,75	4209,26		236,06
65,12	6,95	1596,42		150
14,7	78,75	4008,58		67,84
89,61	68,97	3340,08		233,95
68,84	51,02	1858,99		222,49
75,28	95,43	3183,7		227,19
72,56	44,93	1501,02		218,04
81,15	93,34	656,21		71,65
68,09	45,35	1985,3		220,69
62,13	97,59	532,35		73,72
97,04	60,93	4021,04		231,72
63,42	37,89	2762,98		207,81
54,18	0,25	3995,72		175,77
96,9	93,5	766,17		71,72
4,88	67,17	2869,74		72,51
13,66	34,42	2102,99		68,32
88,7	10,24	624,17		150
66,68	25	4874,51		217,2
1,47	55,36	1320,69		74,19
63,3	59,27	517,74		96,14
25,09	20,27	1391,06		70,49
56,79	53,64	3153,99		187,12
30,33	24,66	763,4		69,18
5,3	43,87	3469,01		72,31
17,13	59,77	4344,51		67,6
11,88	0,15	856,89		71,41
37,01	96,22	3183,57		98,05
46,18	73,53	421,2		64,91
1,11	86,46	1052,44		74,37
73,43	34,21	1444,06		201,17
56,15	49,02	2882,08		184,57
83,08	27,12	3257,42		235,68
83,34	11,8	1422,15		150
15,21	4,24	3595,21		67,61
66,39	91,52	4050,53		204,1
39,43	49,65	3591,88		99,6
92,18	11,5	1998,65		150
5,7	77,8	3602,99		72,11
1,75	19,89	2506		74,05
80,21	96,51	3048,55		226,66
40,7	90,1	3937,64		96,46
19,28	2,86	1969,72		65,76
62,69	33,82	4540,56		206,57
49,98	46,1	3003,39		149,83
92,21	68,69	4861,01		233,83
94,16	99,76	1936,69		150
33,02	85,65	3463,6		84,89
33,03	43,56	1932,57		81,9
26,34	99,59	2284,78		99,73
96,43	52,19	3305,79		235,65
81,8	28,07	5,45		150
25,84	14,29	4373,49		65,13
68,48	80,25	259,23		66,12
94,85	83,58	2262,1		187,41
11,47	98,63	1310,78		74,24
37,12	71,5	588,45		68,69
69,6	42,19	280		117,33
80,77	83,03	1973,15		150
4,89	37,74	4778,03		72,51
90,01	36,2	322,55		150
7,21	28,23	2416,81		71,38
81,81	81,15	4526,86		233,9
24,86	78,72	2498,8		68,85
95,19	92,36	2567,82		203,69
21,2	43,29	2962,54		66,2
16,44	73,1	2275,08		67,04
30,14	75,45	4516,48		74,93
91,53	13,27	984,98		150
0,94	70,31	730,96		74,45
19,45	40,96	873,17		71,8
91,16	43,87	4558,12		233,91
13,84	17,88	1592,25		68,24
1,47	83,75	425,19		74,19
35,71	43,15	2248,51		88,83
18,2	89,3	297,03		69,71
43,79	47,97	507,11		65,98
88,32	67,95	3261,6		233,49
31,05	12,32	3391,95		77,08
52,71	71,2	1575,4		171
32,06	98,61	4922,78		99,23
90,51	57,37	2265,43		219,57
5,55	37,47	1246,15		72,19
20,45	20,97	4357,22		65,24
44,84	85,19	115,29		67,79
81,71	59,37	2354,59		214,53
14,35	98,5	63,23		74,18
2,27	77,44	491,28		73,79
88,45	90,47	4109,9		229,58
8,45	98,65	3496,87		74,25
6,45	74,33	421,77		71,75
44,58	36,86	3642,38		113,85
99,8	5,03	4687,65		236,59
43,31	34,69	3863,84		111,12
80,69	57,13	3629,08		233,46
7,87	32,31	4995,98		71,06
59,91	52,99	683,01		86,71
58,77	50,96	4010,75		194,38
32	76,89	1489,74		85,99
36,56	58,39	3557,3		91,17
90,12	83,87	1013,23		150
95,19	95,68	2687,23		202,07
18,57	70,51	4394,99		66,08
28,11	43,56	50,32		66,08
29,05	8,64	587,6		65,16
32,76	69,78	4927,46		81,25
23,11	20,13	379,82		64,07
83,56	42,7	575,82		150
59,71	65,53	2171,95		196,93
73,96	7,66	3581,1		234,28
8,06	34,27	4205,93		70,97
34,83	77,28	1309,26		96,11
62,79	17,52	2428,95		202,36
98,18	81,2	1427,81		150
75,34	54,35	3658,47		234,7
66,85	89,77	3610,34		208,43
12,91	9,25	3719,17		68,67
65,43	75,71	2468,3		203,72
37,08	37,11	93,11		68,68
84,94	2,23	4975,59		236,59
9,55	46,6	830,89		70,78
20,15	40,39	2903,94		67,52
83,15	90,79	1837,57		150
19,14	77,32	293,8		65,82
44,03	6,36	3608,27		116,09
79,96	2,91	4704,44		236,59
95,73	29,94	2337,5		193,21
8,12	71,78	4860,81		70,94
47,53	38	2468,17		129,42
87,28	60,1	2519,76		209,96
9,65	59,88	4941,85		70,21
65,68	49,54	576,46		103,63
43,66	82,38	4034,98		114
53,96	12,83	3017,42		174,71
49,93	7,19	2946,32		149,43
2,28	82,26	4680,77		73,79
41,39	5,4	3581,07		106,05
41,23	4,01	4520,64		105,49
95,64	77,8	1955,89		150
53,25	10,87	1289,71		150
51,36	26,41	4636,95		159,9
88,14	43,74	4084,85		233,85
20,43	48,56	1788,5		65,57
53,5	71,18	4863,33		172,45
30,47	34,22	1553,56		81,06
38,52	78,1	1543,95		96,8
1,57	96,39	3294,02		74,14
64,65	52,7	884,5		97,07
66,2	58,53	1525,65		212,11
20,42	80,54	3312,81		65,68
96,37	68,73	3105,72		233,84
42,74	23,15	3460,77		110,94
87,06	49,19	2388,04		230,24
33,48	78,03	557,27		67,01
20,49	10,75	1669,5		66,91
75,84	5,25	2462,76		203,31
17,71	21,94	69,48		66,46
28	24,83	2943,05		69,98
77,1	11,45	1665,15		150
15,59	27,53	949,4		73,67
36,11	59,74	4811,29		89,92
68,13	41,2	316,41		111,21
27,99	46,06	384,2		64,97
72,6	52,84	4369,29		230,98
3,6	10,74	1820,31		73,14
87,88	45,46	150,15		150
70,45	63,6	368,92		90,73
35,55	18,37	3635,72		88,41
67,96	76,58	3779,34		220,38
53,58	96,92	3598,2		201,46
52,24	96,44	3512,01		190,4
37,24	36,54	2932,88		93,06
42,54	68,89	2553,16		107,16
53,87	98,5	979,5		74,41
71,67	93,59	2558,84		203,09
82,18	38,52	1846,16		208,92
54,71	5,62	2628,59		180,58
8,53	50,92	1110,76		73,55
16,92	78	3764,05		66,82
0,06	52,5	2742,07		74,85
6,13	47,16	4495,69		71,9
42,32	52,97	4224,69		109,39
15,45	10,96	2232,53		67,5
74,03	28,04	4875,6		233,42
96,12	34,77	2315,03		197,72
9,17	3,89	246,72		70,44
89,83	14,12	2221,71		182
11,62	47,42	1472,67		69,28
27,31	90,72	1822,55		78,68
75,48	85,35	2958,02		229,25
52,05	51,26	3398,22		164,26
79,31	2,76	25,29		150
40,25	71,07	1498,45		99,25
79,39	80,89	1046,23		150
12,62	7,84	726,26		68,81
9,28	65,72	4244,44		70,39
10,71	27,58	2570,73		69,71
74,98	30,77	4237,64		234,02
34,88	27	318,51		67,65
9	33,66	3542,89		70,52
89,14	35,39	1436,55		204,2
47,2	19,43	1615,93		129
28,53	65,32	1202,4		91,63
60,58	2,65	2565,44		200,56
67,73	77,71	1566,11		150
44,13	51,38	4862,22		116,52
48,75	20,74	3545,48		140,85
87,38	93,56	4148,34		228,1
25,3	47,28	903,85		72,55
18,86	89,54	1499,79		69,82
49,81	58,87	2443		148,1
90,91	42,7	4172,77		233,38
24,46	27,99	200,86		64,55
2,78	7,46	2294,55		73,54
33,22	21,42	2899,44		82,38
19,88	63,24	1078,97		73,94
19,4	57,33	2599,99		67,7
46,55	43,55	2748,02		126,96
31,71	43,19	1132,44		98,28
27,79	87,51	1328,03		81,74
75,54	42,56	151,51		150
63,22	41,82	1124,83		201,48
80,2	30,27	4793,7		234,29
3,14	13,6	4837,69		73,37
4,78	9,47	3762,62		72,56
91,07	19	4680,18		236,59
44,87	63,66	135,88		68,32
19,22	2,72	1376,5		70,32
81,97	3,89	4377,72		236,59
61,09	13,07	1695,07		150
10,26	87,34	2557,7		69,92
47,31	5,6	77,56		64,42
29,29	40,6	4949,42		77
5,45	42,36	4588,51		72,23
62,78	20,18	3331,84		206,83
8,56	37,85	4628,18		70,73
35,9	4,18	4991,33		89,34
79,62	38,18	3755,38		231,3
56,76	94,82	4660,78		202,49
5,35	75,05	1306,63		72,28
20,07	50,06	2204,24		65,48
90,91	6,9	2877,59		229,72
6,23	75,34	2515,34		71,86
73,31	98,73	869,66		74,29
40,47	32,14	3835,82		102,94
31,24	30,06	4273,5		77,54
12,26	38,49	1989,11		68,98
29,37	93,71	3346,44		91,05
21,74	96,23	4072,22		73,06
1,1	22,56	2386,45		74,37
11,45	20,52	3149,02		69,36
60,25	76,65	2065,2		163,6
77,79	25,1	2865,77		229,05
84,86	40,57	4768,56		232,41
16,41	33,17	1577,85		67,96
98,95	23,76	4727,79		236,59
93,58	2,83	1178,67		150
96,03	60,99	2889,2		224,64
13,84	38,67	1989,59		68,32
74,35	63,52	55,68		90,95
62,94	81,29	2666,31		207,28
52,84	44,57	4790,1		169,35
89,65	43,69	451,18		150
91,21	7,29	3457,53		236,59
76,25	82,2	2336,5		193,12
71,6	43,76	3020,27		227,05
64	27,38	866,94		96,64
3,82	7,37	4313,99		73,03
7,29	52,27	3702,41		71,34
76,02	25,51	4413,54		236,37
42,02	57,26	4472,28		108,27
87,76	57,64	839,74		97,06
63,62	8,08	2397,28		199,66
16,18	46,74	3120,42		67,16
17,85	70,9	2143,14		66,4
88,85	87,55	1065,52		150
39	60,42	1137,73		98,21
70,77	48,19	4873,2		227,05
11,37	8,57	3355,82		69,39
38,27	44,47	285,11		68,5
40,22	95,33	3310,43		97,61
70,15	18,8	3749,46		225,6
67,76	74,89	2628,93		214,77
66,3	13,79	1332,23		150
53,73	11,42	313,02		71,65
26,44	29,11	2703,87		69,72
10,28	83,79	4245,15		69,91
25,69	89,18	4291,95		71,99
69,79	68,84	1105,73		201,24
89,77	37,78	862		150
6,34	2,38	3984,77		71,8
47,92	78,49	1709,04		134,47
93,81	96,56	1223,82		150
67,09	40,08	4012,11		216,01
85,92	54,53	2506,63		219,35
3	12,66	4032,48		73,44
45,72	29,28	2763,72		123,12
41,47	51,83	4892,06		106,33
39,74	74,86	3883,95		100,56
14,36	16,61	2930,93		68
78,69	4,99	1587,34		150
16,15	5,58	1748,33		67,18
22,3	18,09	4643,35		64,42
96,43	2,06	2228,04		182,68
38,6	48,01	3188,97		97,04
77,68	79,2	2242,88		184,23
92,3	26,93	3465,1		235,76
32,55	52,28	2539,65		85,24
34,81	90,57	4338,35		95,29
27,54	79,4	100,78		65,17
38,98	45,02	4480,71		98,2
95,07	88,45	1246,75		150
1,66	48,46	3751,07		74,1
70,53	64,38	3927,86		221,33
69,31	28,32	2851,36		223,61
28,8	36,61	4208,24		78,11
97,99	63,5	1643,94		203,1
72,12	11,18	1382,46		150
65,8	60,27	26,09		100,53
71,74	52,01	4607,24		229,26
19,6	56,65	108,15		66,18
4,39	13,85	2358,8		72,75
69,65	11,97	2763,66		223,1
74,94	5,91	2532,31		208,32
86,29	1,51	3776,99		236,59
92,95	38,28	2032,22		208,24
97,68	9,06	4654,99		236,59
5,14	96,8	1322,03		73,34
11,28	28,02	3277,69		69,44
53,55	59,28	3527,47		174,95
65,15	71,73	1505,33		175,84
70,18	14,53	3346,51		225,67
66,46	0,49	2438,13		201,45
68,22	63,62	600,91		90,67
58,98	83,61	2526,04		197,85
98,13	61,67	3764,19		231,37
21,88	83,17	4169,7		66,87
96,29	21,39	3076,71		236,59

